959
959
0 0 14.9678074015562
0 21 1.93912582904034
0 75 3.51869665361998
0 143 1.35912711142633
0 337 2.60607993573178
0 338 1.31331414822102
0 484 0.174011334264579
0 486 1.81598478014071
0 944 4.35460477241636
0 945 5.37076653747317
1 1 8.62630155754666
1 5 0.932338712518125
1 21 1.27551646372
1 75 1.64133126281958
1 80 1.56145838821915
1 100 1.01777900100334
1 131 1.1306862828017
1 661 1.06719144646476
1 878 0.151894551662
1 935 4.16125622711133
2 2 5.83461695109513
2 72 0.899197637818678
2 95 1.76980391132978
2 96 0.558474399416304
2 441 1.0593249217701
2 442 0.794327866917147
2 445 1.52559823342924
2 446 0.750499141939886
2 698 0.797316938820377
2 815 0.187743185705236
2 859 0.409639189495939
3 3 12.045621044125
3 39 0.674313011949716
3 43 1.56256414382985
3 44 1.49956326854723
3 569 1.3012924418922
3 672 2.31320700265038
3 861 2.14703937558226
3 930 4.04720506822058
3 941 1.63378688922955
3 954 2.88946036428572
4 4 10.5509955669634
4 125 2.30138369699019
4 188 2.04192540668844
4 665 1.51478231884486
4 666 1.53865107277221
4 667 1.43546301371931
4 668 1.7187900579484
4 940 5.2754977834817
5 1 0.932338712518125
5 5 21.6022770540888
5 100 2.99351140474806
5 127 2.19005202291266
5 128 3.49365880422944
5 129 1.44963292735932
5 661 1.86702340508373
5 930 7.51506981795641
5 935 5.84787723680927
5 944 6.11425124951616
6 6 6.94966669770087
6 77 1.15388160176534
6 97 1.54596155164005
6 127 1.62035467247692
6 128 0.131252702635932
6 709 1.46963435788055
6 837 1.25459904494885
6 954 3.24881611520367
7 7 16.4051974290973
7 38 0.750753085206188
7 66 0.836977616902157
7 176 1.14713538512912
7 177 1.01420120681588
7 449 4.20833449101827
7 806 0.550526714958972
7 807 2.63112965985094
7 836 1.51515081638438
7 893 3.44931855984317
7 928 0.612381478473274
7 929 4.22206402305791
7 942 3.66982310600577
8 8 15.8807929076408
8 78 1.5941890444829
8 717 1.93944986619154
8 718 1.98829286521531
8 721 1.03828892874577
8 722 2.61239492473164
8 725 1.40712637028307
8 757 2.83918389679844
8 760 1.56284811857514
8 839 4.07001629474756
8 902 1.69810232147366
8 903 1.31956527103993
8 911 1.7517314591762
9 9 2.35472041595802
9 54 0.277544744450019
9 56 0.232253963186488
9 64 0.539117146212765
9 66 0.396505430889637
9 98 0.32493814908671
9 928 0.360698317316224
9 942 0.62016809570581
9 957 0.780854777089371
10 10 11.9923437808442
10 11 1.18480533371723
10 25 0.983176049915352
10 31 3.84303087172157
10 72 0.687879944256177
10 92 0.64902423383129
10 93 1.96471037572171
10 95 1.90539880668525
10 441 1.26714405618955
10 445 2.3495889744802
10 698 0.862182236451289
10 935 2.29157478829662
11 10 1.18480533371723
11 11 7.23061372893205
11 25 0.746498549997067
11 26 0.877227397442727
11 29 1.86799886727765
11 31 2.2195438187342
11 33 0.56250266347114
11 92 0.518535648289093
11 935 2.86880831446896
12 12 9.13152767730405
12 107 0.106703656100247
12 113 0.328823870349754
12 440 1.21808048750807
12 505 1.23083508291988
12 506 2.20982841925706
12 662 2.15885756992643
12 915 0.255762397707565
12 933 3.18229514680467
12 956 3.00610488538238
13 13 5.75247254852759
13 671 0.276342941070368
13 713 0.879592095580448
13 735 1.71799427056178
13 736 1.46543950517282
13 743 1.22479854012459
13 750 1.6514377341392
13 751 1.13445382802061
13 756 0.278649908121563
14 14 5.88963955895967
14 19 0.967357409344619
14 24 0.665631799818579
14 76 1.29913689026654
14 92 0.995256694228037
14 93 0.618864120840062
14 131 1.68157214015869
14 135 0.280684625143206
14 935 2.32595565863977
15 15 3.93831441717388
15 36 0.187453259717708
15 65 0.88710177703601
15 67 1.26790989246182
15 74 0.912721877796805
15 90 0.34710206761674
15 91 0.607094106082616
15 167 1.15058854083263
15 573 0.547500104216479
16 16 8.58033674567879
16 79 0.122114153974175
16 203 2.30074617859591
16 415 0.889732980882933
16 417 0.848865701163319
16 418 0.892860201888904
16 570 1.59146247194553
16 951 3.83926239397403
16 954 2.38546103609338
17 17 3.667069973624
17 514 0.335992172750495
17 533 1.27649874072438
17 534 1.11085206278447
17 537 1.33148464971379
17 650 0.557036246087621
17 651 0.16605816434771
17 809 0.722682924027529
18 18 18.7460762634134
18 27 1.37489357446148
18 29 1.53805815545289
18 34 1.41973449146859
18 40 0.195125496971746
18 42 3.02094099611064
18 99 3.22910473898104
18 184 1.02477077647371
18 509 2.13252945703573
18 529 1.20183599443836
18 918 2.81697414471355
18 945 6.51294112926589
18 950 3.65220543974647
19 14 0.967357409344619
19 19 13.2811079356286
19 24 0.788493082788096
19 33 0.526016218638572
19 46 0.111766431385312
19 53 2.53959654235467
19 76 2.89015069232949
19 89 1.60916738829256
19 930 4.76870960529132
19 935 4.04037565779722
19 937 1.680028875221
20 20 13.0339253825075
20 132 2.39431750976632
20 133 1.84455669318767
20 136 3.83226507114848
20 137 2.18380772486466
20 183 1.72395879410708
20 687 2.76611167779612
20 745 1.90629432026994
20 746 0.96073882599817
20 799 1.93883745662275
21 0 1.93912582904034
21 1 1.27551646372
21 21 13.8371334116786
21 75 2.30952206430431
21 102 1.63397045649671
21 165 1.17716885751775
21 337 1.82977271649857
21 661 2.04884754606983
21 935 2.89872594175105
21 944 5.64305024211928
22 22 5.57494902541535
22 199 1.42347180132783
22 325 0.91779324260014
22 326 0.758971004110298
22 328 1.00302195905722
22 452 0.244885005627987
22 501 1.47169101831986
22 947 2.54258950707969
23 23 6.90065626529802
23 106 1.8522362300702
23 334 1.47279776426999
23 335 0.464056330210825
23 336 1.0630936745794
23 342 0.180427038999827
23 794 1.0646533969403
23 795 1.2674481604383
23 944 2.98627180243819
24 14 0.665631799818579
24 19 0.788493082788096
24 24 2.69680970703231
24 33 0.682773053697574
24 53 0.101713062544406
24 92 0.559911770728057
24 935 1.24669179097175
25 10 0.983176049915352
25 11 0.746498549997067
25 25 2.92765687667873
25 26 0.147734609343124
25 29 0.480652388424013
25 31 0.984026142643561
25 72 0.33206768635268
25 445 0.717329888342298
26 11 0.877227397442727
26 25 0.147734609343124
26 26 4.54958720920259
26 29 1.16135142053594
26 33 0.707102901352375
26 41 0.816114817608098
26 42 0.987790672263449
26 935 2.12705899525817
27 18 1.37489357446148
27 27 6.701641613548
27 29 1.34370641429709
27 31 0.224969578384761
27 439 1.29184620320962
27 508 1.31314649222943
27 509 1.37804892935039
27 945 3.12585122838924
28 28 23.4217763796083
28 94 5.47505635469578
28 142 1.31615984545672
28 166 1.57323963801018
28 185 1.95755915790045
28 419 2.66266742444034
28 858 1.10906305786732
28 919 3.08873161371675
28 929 7.81253892553089
28 933 6.29810266691378
28 951 3.83954588488017
29 11 1.86799886727765
29 18 1.53805815545289
29 25 0.480652388424013
29 26 1.16135142053594
29 27 1.34370641429709
29 29 26.5506720828462
29 31 3.02394113418236
29 42 4.28247242329855
29 439 1.88723851861876
29 484 3.59666411194758
29 486 2.46038905108781
29 935 6.8413147709315
29 944 3.80392499857576
29 945 7.53829586963941
30 30 6.52937919758809
30 31 1.50297202784518
30 95 3.26468959879405
30 441 1.39029626510963
30 442 1.25797930960961
30 483 1.11724256036752
30 484 1.26088903465614
31 10 3.84303087172157
31 11 2.2195438187342
31 25 0.984026142643561
31 27 0.224969578384761
31 29 3.02394113418236
31 30 1.50297202784518
31 31 22.403061875967
31 93 4.40063339740003
31 95 3.70438287718196
31 439 0.650072596049991
31 441 1.7030984486526
31 445 0.845472189610981
31 484 4.67450737939147
31 486 0.874837057672314
31 935 4.95310529447956
32 32 13.7525075656962
32 62 3.01244710952537
32 73 4.38315668034514
32 96 2.11104990122664
32 134 2.4447671589784
32 171 1.88896480223166
32 180 0.826518949993116
32 181 0.604132300271317
32 443 0.93230107103823
32 482 1.02063632865546
32 498 2.05096524349436
32 787 1.35382180278468
33 11 0.56250266347114
33 19 0.526016218638572
33 24 0.682773053697574
33 26 0.707102901352375
33 33 9.75813752104862
33 41 1.73925922472158
33 45 0.0919722661520352
33 53 1.99624688117842
33 63 1.21136352141287
33 92 0.529196837765413
33 930 3.02478053661592
33 935 3.56599217656703
34 18 1.41973449146859
34 34 3.58556451418248
34 40 0.568173262594394
34 42 0.727751583697022
34 84 0.0968985368363889
34 85 0.317128673471938
34 99 0.438364734556991
34 184 1.06239348872612
34 918 0.747901999922281
35 35 13.857640463454
35 60 1.80247328655103
35 99 1.34450161463014
35 101 1.92734634720259
35 105 1.524753456201
35 794 1.38864752970123
35 795 2.31306487370807
35 918 1.99312118592035
35 944 3.31707405392352
35 945 5.17547834734314
36 15 0.187453259717708
36 36 17.0739403904686
36 39 1.07125360708229
36 65 1.67511510318968
36 74 0.89292031395487
36 82 3.7306759375085
36 86 1.79705904950742
36 167 3.33087449255067
36 168 2.84212033668862
36 861 1.2455236913789
36 937 4.35884358181266
36 941 4.47907121231153
37 37 13.3204088983712
37 167 1.97858006363346
37 415 1.0694699424412
37 416 1.79436825622975
37 417 1.22641410679326
37 567 2.65309073522144
37 573 1.1933300897105
37 574 1.65157130333294
37 937 2.71612055107066
37 951 5.69766829912359
38 7 0.750753085206188
38 38 11.0825349824207
38 64 0.626519407466136
38 65 1.67020787649768
38 66 0.711895748453312
38 67 1.0364991903749
38 69 1.41272625923254
38 90 1.14612837891958
38 91 3.95333688020738
38 836 2.01303548733976
38 942 3.30270015993353
39 3 0.674313011949716
39 36 1.07125360708229
39 39 5.19867925951558
39 43 0.690693446509951
39 84 0.511731594118558
39 85 0.513861813557272
39 86 0.928492862495699
39 861 0.808332923802092
39 941 2.59933962975779
40 18 0.195125496971746
40 34 0.568173262594394
40 40 4.0847387014356
40 42 0.867567782958365
40 83 0.379183680615707
40 84 0.212283977612436
40 85 1.17480156775944
40 184 1.37116163629396
40 941 1.35881064734736
41 26 0.816114817608098
41 33 1.73925922472158
41 41 8.16531845969555
41 42 1.63262837070846
41 63 0.84441526562327
41 83 0.547138752167337
41 926 0.583000267126111
41 930 3.15749362382684
41 935 2.56260367515744
41 941 0.36532369260418
42 18 3.02094099611064
42 26 0.987790672263449
42 29 4.28247242329855
42 34 0.727751583697022
42 40 0.867567782958365
42 41 1.63262837070846
42 42 33.5691074065265
42 83 0.591668329035202
42 184 6.81692477321666
42 918 2.15724199902026
42 930 6.61088736614238
42 935 5.77811218056537
42 941 1.71846349911733
42 944 9.10988437993081
42 945 6.05132675372524
43 3 1.56256414382985
43 39 0.690693446509951
43 43 7.60769664205603
43 44 1.28005929658787
43 85 0.730224409326407
43 105 1.01480570861569
43 184 1.30896865337686
43 930 2.72497188179888
43 941 2.09925742303853
44 3 1.49956326854723
44 43 1.28005929658787
44 44 42.9584143374691
44 104 5.97033781844538
44 105 2.68765027180611
44 106 4.2096156649111
44 130 8.96135123886846
44 138 6.95792209323478
44 139 1.54412720226834
44 141 4.57093948309298
44 341 3.34165333952509
44 672 1.62595544797246
44 930 9.92549384594887
44 944 11.862952534995
45 33 0.0919722661520352
45 45 8.32872140058766
45 46 1.7887924243399
45 53 0.697793324222032
45 55 0.607405744014367
45 63 0.718481376596908
45 81 0.77928967470871
45 89 0.911228851924751
45 98 1.43971066414948
45 936 2.14904009400646
45 937 3.30936768076685
46 19 0.111766431385312
46 45 1.7887924243399
46 46 8.49752945330437
46 48 0.721796980867335
46 49 0.64881507764071
46 53 0.26738144074589
46 55 0.585066956409605
46 57 0.652642869352317
46 87 0.640362580167317
46 89 1.86081946950986
46 936 3.44314567854967
46 937 2.02570427098865
47 47 16.9297077976287
47 48 0.931283537965091
47 50 0.741520246686272
47 87 0.0509341895737062
47 107 3.59063775859369
47 502 2.76031587559726
47 503 1.26913640113687
47 505 1.24099784739904
47 929 3.63090286625062
47 933 6.73197073103545
47 936 4.44686224220508
48 46 0.721796980867335
48 47 0.931283537965091
48 48 4.66633812160816
48 50 0.897542418486408
48 57 0.7442796959066
48 87 0.708540016506094
48 107 0.713829661450335
48 502 0.0986462283976442
48 936 2.18358864283273
49 46 0.64881507764071
49 49 5.65307378939426
49 61 0.105202200473998
49 87 0.629861201863407
49 88 1.74791927089798
49 89 1.09329526559137
49 936 2.50666339160685
49 937 1.74785427601707
50 47 0.741520246686272
50 48 0.897542418486408
50 50 11.3480171528375
50 56 0.348323971273932
50 57 0.559600980180881
50 170 2.05321222981673
50 502 1.88011407968666
50 927 0.460766575724027
50 933 3.88685337530325
50 936 3.40104509172711
50 957 2.79304676037097
51 51 15.536644010036
51 61 1.59197912775383
51 88 2.73510619539763
51 89 1.64989531230325
51 97 2.30083760301405
51 858 0.972106101515833
51 860 3.61368091197583
51 937 6.62377167339286
51 951 3.81758908970069
52 52 5.06633207741949
52 413 2.20133371397682
52 741 1.11783488682087
52 744 1.31267125884379
52 747 0.930532796680166
52 748 0.664022103478743
52 749 1.04127103159592
52 854 0.331832324732926
53 19 2.53959654235467
53 24 0.101713062544406
53 33 1.99624688117842
53 45 0.697793324222032
53 46 0.26738144074589
53 53 11.875550771044
53 63 1.95031468326086
53 89 0.751461979107898
53 930 4.65253355852325
53 935 2.24498780142873
53 937 2.61129688319981
54 9 0.277544744450019
54 54 2.02128902251493
54 55 0.387440009335793
54 56 0.227470450227369
54 57 0.340762341281095
54 98 0.284321407810878
54 927 0.345659757471652
54 936 0.498852653219217
54 957 0.669882169976369
55 45 0.607405744014367
55 46 0.585066956409605
55 54 0.387440009335793
55 55 2.97384362291657
55 57 0.46200817118187
55 98 0.658812393022449
55 936 1.34252426414872
55 957 0.417507896262047
56 9 0.232253963186488
56 50 0.348323971273932
56 54 0.227470450227369
56 56 2.60472040741889
56 123 0.504462349959064
56 170 0.537508484097569
56 806 0.32164316366946
56 927 0.210954592755928
56 928 0.222103432249079
56 957 1.30236020370944
57 46 0.652642869352317
57 48 0.7442796959066
57 50 0.559600980180881
57 54 0.340762341281095
57 55 0.46200817118187
57 57 3.10601238162859
57 927 0.346718323725823
57 936 1.55300619081429
58 58 12.7211554230577
58 101 1.53641220916172
58 338 1.19748158906436
58 516 2.33738936372349
58 527 0.987132311731502
58 530 2.08891925678391
58 539 1.06322225529049
58 794 1.4317268931778
58 945 5.37344539979733
58 950 3.0660038558559
59 59 11.6509048951652
59 143 0.220132108523926
59 439 1.51302086216973
59 508 2.43899752470092
59 515 0.94091520879603
59 516 2.3546648200507
59 865 1.03179010283098
59 867 1.06207902340533
59 945 3.60232610685731
59 950 4.31243158541287
60 35 1.80247328655103
60 60 15.9518286609315
60 99 2.88808942840054
60 101 2.60672323722911
60 517 1.2410792230126
60 521 1.90845472185282
60 529 1.47400304075835
60 530 1.12250029242837
60 531 1.15454181974483
60 945 4.13833177426642
60 950 5.59154616715313
61 49 0.105202200473998
61 51 1.59197912775383
61 61 10.4377806138943
61 76 0.205695913519674
61 88 0.277646430583295
61 89 2.75403430847606
61 97 2.46485599847109
61 127 2.47262973737563
61 937 2.46861413898822
61 954 3.31601306519965
62 32 3.01244710952537
62 62 20.1377079994146
62 73 4.05848052284924
62 80 2.97258674512095
62 93 0.93978411251194
62 95 2.38003339241708
62 96 3.86831621040728
62 134 1.4002722234998
62 135 2.17373777812672
62 136 0.236201295995972
62 171 2.14982155351077
62 483 3.09866508398234
62 498 2.97489599305203
62 687 0.527878426691619
62 815 0.413441551430721
63 33 1.21136352141287
63 41 0.84441526562327
63 45 0.718481376596908
63 53 1.95031468326086
63 63 10.5951858308324
63 81 0.930618225016851
63 82 0.796944623601811
63 926 1.07291496105362
63 930 3.49730799378752
63 937 3.55817904990758
63 941 1.31223904598724
64 9 0.539117146212765
64 38 0.626519407466136
64 64 3.72408548624918
64 65 0.661429849100617
64 66 0.53351171796344
64 81 0.515921229510252
64 98 0.562915499403805
64 942 1.67702845453919
64 957 0.469684925177556
65 15 0.88710177703601
65 36 1.67511510318968
65 38 1.67020787649768
65 64 0.661429849100617
65 65 24.6294786916909
65 67 1.57436471416009
65 74 1.43073567231626
65 81 1.93258333989741
65 82 2.41895297908785
65 86 0.727024490372081
65 91 2.77398569443206
65 167 6.32674638899885
65 573 2.60047762545448
65 937 5.16333198504031
65 942 7.10216054195293
66 7 0.836977616902157
66 9 0.396505430889637
66 38 0.711895748453312
66 64 0.53351171796344
66 66 3.03415516956918
66 806 0.0692558418838626
66 928 0.555264655360635
66 942 1.44782174290073
67 15 1.26790989246182
67 38 1.0364991903749
67 65 1.57436471416009
67 67 6.17062852635839
67 69 0.210658118330632
67 74 0.211474561671691
67 90 0.963449444802629
67 91 1.75299281750322
67 167 0.910188765673651
67 573 1.32840528455895
68 68 6.20841800552845
68 69 1.55151416304437
68 90 0.611593313336079
68 91 1.7671072611972
68 115 0.259000306179201
68 177 0.660763428112389
68 449 1.28522964825181
68 834 0.441637433351829
68 835 0.687322491787169
68 836 2.04845896303262
69 38 1.41272625923254
69 67 0.210658118330632
69 68 1.55151416304437
69 69 5.92848084455383
69 90 1.3520324334004
69 91 2.07724399049165
69 834 0.441637433351829
69 835 0.419857300319126
69 836 1.42705156866019
70 70 8.82706449565209
70 77 1.27146822059743
70 140 1.94751364042516
70 141 0.218442775611774
70 569 1.4917241178057
70 672 2.09246575225913
70 707 0.97429448959518
70 708 1.04959827496949
70 954 4.19508947221427
71 71 19.2707803083204
71 119 2.54096559056251
71 139 0.933273585303748
71 172 1.95789870351834
71 199 2.76083782657921
71 200 2.50956113393351
71 452 2.40240126969398
71 453 5.495799803991
71 501 3.34431183434875
71 716 2.13784767921412
71 719 1.95426252742199
71 821 2.19869921625824
71 873 0.670311291655202
72 2 0.899197637818678
72 10 0.687879944256177
72 25 0.33206768635268
72 72 3.17415516414971
72 445 1.17743839257892
72 446 0.502192215540781
72 698 0.752817680181394
72 859 0.409639189495939
73 32 4.38315668034514
73 62 4.05848052284924
73 73 18.8686928372034
73 80 1.39110422891736
73 96 2.66093738253194
73 134 1.43006114021415
73 182 1.72676079639466
73 443 1.4222476243818
73 481 0.932403273184899
73 482 2.0140639804512
73 483 1.85703751011012
73 485 0.686264789503668
73 497 1.28092522968916
73 498 1.84561449695199
73 787 2.30392370882407
73 878 0.310057891455732
74 15 0.912721877796805
74 36 0.89292031395487
74 65 1.43073567231626
74 67 0.211474561671691
74 74 3.23637786406794
74 86 0.278418658083945
74 167 1.12829571227833
75 0 3.51869665361998
75 1 1.64133126281958
75 21 2.30952206430431
75 75 18.8327312444751
75 80 1.15754318024543
75 484 1.80566905730216
75 486 1.35152803853925
75 878 0.730491728889739
75 935 5.55428950412795
75 944 4.80039965015687
75 945 5.37962572670744
76 14 1.29913689026654
76 19 2.89015069232949
76 61 0.205695913519674
76 76 13.8874779296923
76 89 1.73187155965967
76 100 1.14180269635522
76 127 2.64154588092133
76 131 1.41204239159536
76 930 4.29710346470474
76 935 5.21186740518651
77 6 1.15388160176534
77 70 1.27146822059743
77 77 14.5267967603058
77 130 2.11182694212088
77 140 3.03324672644216
77 706 0.940723773751043
77 707 1.024973907118
77 709 1.26103697448565
77 837 2.03890530311795
77 930 3.89732478403911
77 954 5.05680690702121
78 8 1.5941890444829
78 78 11.4329612005763
78 172 0.335731722796482
78 201 2.1123710493732
78 202 1.75830110597384
78 479 0.445770451607515
78 719 1.91821999822388
78 757 2.50865261356251
78 839 1.80166770367336
78 902 3.469182651709
78 923 1.20535545946171
79 16 0.122114153974175
79 79 9.15823657423957
79 203 1.97866723359053
79 568 1.32864693061567
79 570 1.92125780155994
79 670 1.23791942477898
79 706 0.833613482029746
79 707 0.817898996898601
79 708 1.15026059183532
79 954 4.34697624607639
80 1 1.56145838821915
80 62 2.97258674512095
80 73 1.39110422891736
80 75 1.15754318024543
80 80 22.5490231285025
80 93 5.54807197122338
80 95 3.03516263470567
80 131 2.12630287723031
80 133 0.589072637550905
80 134 0.668729944799151
80 135 1.66170220564726
80 483 1.79123114063176
80 484 3.77130859406441
80 498 1.01705968156517
80 878 1.61534317906254
80 935 4.91685728377023
81 45 0.77928967470871
81 63 0.930618225016851
81 64 0.515921229510252
81 65 1.93258333989741
81 81 8.17743805893749
81 82 1.00548005280741
81 98 1.22551746455449
81 937 3.5727977999585
81 942 2.30394930195263
82 36 3.7306759375085
82 63 0.796944623601811
82 65 2.41895297908785
82 81 1.00548005280741
82 82 14.0942272045637
82 83 0.369528813587224
82 84 0.548541679968801
82 86 1.21869360705865
82 167 2.65563591453992
82 926 0.781652126595347
82 937 4.93784896497158
82 941 2.6773861071184
83 40 0.379183680615707
83 41 0.547138752167337
83 42 0.591668329035202
83 82 0.369528813587224
83 83 3.3155799079146
83 84 0.584641430618237
83 85 0.459770655630421
83 926 0.218672802993624
83 930 0.590677480505778
83 941 1.23208791671837
84 34 0.0968985368363889
84 39 0.511731594118558
84 40 0.212283977612436
84 82 0.548541679968801
84 83 0.584641430618237
84 84 2.96381288507111
84 85 0.593453565398242
84 86 0.628546078130882
84 941 1.26962246492312
85 34 0.317128673471938
85 39 0.513861813557272
85 40 1.17480156775944
85 43 0.730224409326407
85 83 0.459770655630421
85 84 0.593453565398242
85 85 4.5723911297433
85 184 1.21566455884757
85 941 1.85368145062366
86 36 1.79705904950742
86 39 0.928492862495699
86 65 0.727024490372081
86 74 0.278418658083945
86 82 1.21869360705865
86 84 0.628546078130882
86 86 4.8512102552766
86 941 1.69858063726622
87 46 0.640362580167317
87 47 0.0509341895737062
87 48 0.708540016506094
87 49 0.629861201863407
87 87 3.50939213435555
87 88 0.740960189373625
87 107 0.789668146445105
87 936 1.70376187760407
88 49 1.74791927089798
88 51 2.73510619539763
88 61 0.277646430583295
88 87 0.740960189373625
88 88 21.8625823050062
88 89 1.4402786957568
88 94 3.0520310644624
88 107 1.22098832952538
88 858 0.95406643371292
88 929 2.53863732273749
88 936 6.06799172373647
88 937 5.61528729537868
88 951 6.40296050594668
89 19 1.60916738829256
89 45 0.911228851924751
89 46 1.86081946950986
89 49 1.09329526559137
89 51 1.64989531230325
89 53 0.751461979107898
89 61 2.75403430847606
89 76 1.73187155965967
89 88 1.4402786957568
89 89 25.3000104989489
89 127 4.57367622596649
89 930 5.95863612179458
89 936 1.48500296756579
89 937 6.48101199496977
89 954 5.64963560750451
90 15 0.34710206761674
90 38 1.14612837891958
90 67 0.963449444802629
90 68 0.611593313336079
90 69 1.3520324334004
90 90 4.2096475197448
90 91 1.63768462840626
90 834 0.256481013135506
91 15 0.607094106082616
91 38 3.95333688020738
91 65 2.77398569443206
91 67 1.75299281750322
91 68 1.7671072611972
91 69 2.07724399049165
91 90 1.63768462840626
91 91 26.6321223874659
91 115 2.72445993916087
91 449 3.61106080613742
91 573 3.01759944983153
91 574 1.21468554256246
91 836 4.60903417030997
91 929 2.82269086330809
91 942 7.37920743156818
92 10 0.64902423383129
92 11 0.518535648289093
92 14 0.995256694228037
92 24 0.559911770728057
92 33 0.529196837765413
92 92 5.49550619215391
92 93 1.30811870850515
92 131 1.27364179450372
92 935 2.4095736003801
93 10 1.96471037572171
93 14 0.618864120840062
93 31 4.40063339740003
93 62 0.93978411251194
93 80 5.54807197122338
93 92 1.30811870850515
93 93 23.0750174045435
93 95 3.41107256338002
93 131 2.73259325983695
93 135 1.12390525632057
93 484 5.90042095420116
93 935 6.66435138687432
94 28 5.47505635469578
94 88 3.0520310644624
94 94 22.3979794865665
94 107 2.01822014261397
94 185 1.88515584428174
94 662 2.20043926395064
94 858 1.06415136047949
94 929 7.44498905780493
94 933 5.27379934101519
94 936 1.7151743943581
94 951 3.46795240618755
95 2 1.76980391132978
95 10 1.90539880668525
95 30 3.26468959879405
95 31 3.70438287718196
95 62 2.38003339241708
95 80 3.03516263470567
95 93 3.41107256338002
95 95 27.5101125643037
95 96 2.50958535133524
95 441 3.00824832904882
95 442 2.84657114242368
95 445 1.60396969932044
95 483 4.54070655486317
95 484 4.63377331034965
95 698 0.906681495090273
95 815 0.384227975845276
95 878 1.36086120368513
96 2 0.558474399416304
96 32 2.11104990122664
96 62 3.86831621040728
96 73 2.66093738253194
96 95 2.50958535133524
96 96 12.2420171977512
96 171 0.685071986726915
96 442 1.43040905788951
96 443 0.899954023155095
96 483 3.03804274680194
96 815 0.601184737135957
97 6 1.54596155164005
97 51 2.30083760301405
97 61 2.46485599847109
97 97 17.6028654233167
97 127 1.97153316979603
97 670 1.6719264838043
97 709 1.48361692371641
97 860 4.00759531243899
97 937 4.45737598344986
97 954 6.50059510864432
98 9 0.32493814908671
98 45 1.43971066414948
98 54 0.284321407810878
98 55 0.658812393022449
98 64 0.562915499403805
98 81 1.22551746455449
98 98 8.73862377267504
98 936 2.49397376545132
98 937 2.74425086315149
98 942 2.23420207503789
98 957 1.13929337734404
99 18 3.22910473898104
99 34 0.438364734556991
99 35 1.34450161463014
99 60 2.88808942840054
99 99 13.0756390578656
99 521 0.423970955365052
99 529 1.42521809609931
99 918 1.43608621757406
99 945 4.67423669827652
99 950 3.75388610291481
100 1 1.01777900100334
100 5 2.99351140474806
100 76 1.14180269635522
100 100 10.5735648060415
100 127 1.99398551908858
100 128 0.118930789505186
100 131 1.25435855514744
100 930 3.00826991615701
100 935 4.33170932705744
101 35 1.92734634720259
101 58 1.53641220916172
101 60 2.60672323722911
101 101 11.6503299385167
101 530 1.91410293725492
101 531 0.157923921396515
101 794 1.91979614946139
101 795 0.228588428182881
101 945 4.9811191863884
101 950 2.20348249149753
102 21 1.63397045649671
102 102 7.49695672710148
102 165 1.23914302227864
102 324 0.972908433956964
102 334 0.999186613091078
102 336 1.14159947309707
102 337 1.51014872818102
102 944 3.74847836355074
103 103 5.49841269723885
103 324 0.0819345709993748
103 325 0.984670431346186
103 326 0.718258841660102
103 330 1.03484564663635
103 334 0.251028213327836
103 335 0.9141672893236
103 762 0.879543732989089
103 884 0.884992184284152
103 947 2.49817813529159
104 44 5.97033781844538
104 104 26.6646627638576
104 106 6.43454314401047
104 129 1.67303868814271
104 138 4.15822939506983
104 139 2.16777912676718
104 165 1.27940977017936
104 199 0.707700287013359
104 324 2.42231661831002
104 325 3.16371759501453
104 341 4.91199239658399
104 944 7.10792930624956
105 35 1.524753456201
105 43 1.01480570861569
105 44 2.68765027180611
105 105 14.0278612344182
105 106 1.71398138462584
105 184 1.88640004675859
105 795 1.78789442631442
105 918 1.14145856179963
105 930 3.2857230869126
105 944 5.9991249085934
106 23 1.8522362300702
106 44 4.2096156649111
106 104 6.43454314401047
106 105 1.71398138462584
106 106 28.2498955835027
106 324 3.19368854518772
106 325 3.67267060804799
106 334 2.92050946352237
106 335 2.26328073200465
106 340 0.724179395413733
106 341 3.7671217330421
106 342 1.19981028034489
106 343 0.572097008995877
106 795 1.64757677488229
106 924 0.768722215226647
106 944 7.43481019496822
107 12 0.106703656100247
107 47 3.59063775859369
107 48 0.713829661450335
107 87 0.789668146445105
107 88 1.22098832952538
107 94 2.01822014261397
107 107 20.1262533569598
107 505 1.77166605315668
107 662 4.45759842212323
107 929 6.35664263434748
107 933 6.20810600180162
107 936 2.95531922928188
108 108 15.4231202436009
108 179 3.01305234325521
108 225 1.93694998872459
108 226 1.05027867212841
108 227 2.76155778982068
108 231 0.115662313124654
108 320 3.57951022590339
108 378 2.43630350573654
108 791 1.69574639016055
108 933 6.54561913654741
109 109 18.6812068750368
109 160 4.25960734527799
109 185 1.25098306821486
109 204 2.76895980630458
109 224 2.32104837132643
109 275 3.12057796327727
109 440 1.1949073738269
109 932 7.51529526649394
109 956 5.59043111783325
110 110 13.3575063518212
110 124 1.71198764313625
110 170 1.95066659638255
110 174 1.60895294863458
110 471 1.9024278251456
110 502 2.01178062919427
110 503 1.54875946223732
110 504 1.46104225432216
110 829 1.27689929214512
110 933 6.56374287653392
111 111 14.6183225067508
111 222 2.74341409424597
111 225 1.85811969650755
111 232 1.76108625095359
111 454 2.80466090817582
111 458 1.4097754122766
111 679 1.00411838289182
111 932 4.44692317397601
111 956 5.89938584109878
112 112 3.32546730936452
112 176 0.721097400859911
112 177 0.457858501314325
112 178 0.262945115931035
112 227 0.641453655950187
112 318 1.20487515336793
112 893 1.02127999873207
112 894 0.678691137891313
113 12 0.328823870349754
113 113 19.5838921540884
113 160 2.27713396121148
113 198 2.4549042829538
113 440 2.20537479032443
113 473 3.71354838135093
113 506 1.94043980925324
113 888 2.62329354499947
113 889 1.94381291678762
113 915 0.577850540332366
113 940 4.62452635245363
113 956 6.68612978111583
114 114 15.411876903518
114 115 2.29314837814627
114 116 2.79513558951387
114 126 2.43006050230823
114 233 0.0826286538139478
114 416 2.9448693089754
114 574 2.39811370612296
114 731 2.46792076463734
114 825 0.25146384897418
114 929 7.45447460278482
115 68 0.259000306179201
115 91 2.72445993916087
115 114 2.29314837814627
115 115 14.0832374931816
115 116 2.51463084014455
115 449 3.23668422809438
115 574 1.52700789845852
115 929 5.82894494778009
115 942 2.74097970180853
116 114 2.79513558951387
116 115 2.51463084014455
116 116 22.0204736678268
116 449 1.73122519573159
116 731 2.40795716567886
116 825 3.88931255136362
116 893 3.37995518499418
116 894 1.42562717477624
116 929 9.41577446397694
116 933 5.4710923355604
117 117 4.28419724108314
117 136 1.02991869889785
117 137 1.56273602068226
117 171 0.126642597301989
117 180 0.393453535740363
117 183 0.610682996232061
117 671 1.28264780102733
117 687 1.04535988363317
117 713 0.374854328109669
118 118 2.90432111589612
118 200 0.568561716361012
118 201 1.18924310846803
118 202 0.647710870571638
118 452 0.262917449480033
118 453 0.804449687376421
118 902 0.62619558429989
118 923 0.257403257287157
119 71 2.54096559056251
119 119 10.4859907490647
119 169 1.60569729631925
119 331 0.0902744734443209
119 453 2.22684038896506
119 501 2.16071552217351
119 714 0.651512414199763
119 715 0.813922544504086
119 716 2.78371551949918
119 726 1.00605801420626
119 821 1.78663879989147
119 903 0.0626455598316232
120 120 20.4604679526514
120 124 1.88957508546239
120 125 4.20421267664824
120 321 3.38235638123464
120 322 1.72685185533808
120 471 2.05404848038029
120 668 2.11609191356169
120 840 1.42718896998358
120 933 7.28306497254024
120 940 6.607311593828
121 121 12.6698420265977
121 228 0.744605943166113
121 230 2.64659158862003
121 234 0.55599948520034
121 322 2.38164359274339
121 378 2.61928370405214
121 666 1.71868775616379
121 704 1.30668583193545
121 908 1.72256848139625
121 940 5.3086966566191
122 122 10.9284053620955
122 123 1.64994650016784
122 174 1.88091104487246
122 175 1.77794842403088
122 176 1.39238397881522
122 318 1.29585693837932
122 319 1.4304998884356
122 807 1.50085858739414
122 933 5.46420268104773
123 56 0.504462349959064
123 122 1.64994650016784
123 123 18.7531383172692
123 170 3.05078320336679
123 174 1.77111872421571
123 806 0.444117654154766
123 807 3.72206588674783
123 929 4.23172180094522
123 933 7.89922087325524
123 957 4.8562704830914
124 110 1.71198764313625
124 120 1.88957508546239
124 124 8.40524358387476
124 125 0.190622054629602
124 471 2.30577557801627
124 829 1.24465535890904
124 840 1.25324991835081
124 933 4.01199973730778
125 4 2.30138369699019
125 120 4.20421267664824
125 124 0.190622054629602
125 125 18.080736916568
125 188 1.99285174829424
125 471 2.84371066606413
125 474 1.40126396757731
125 668 2.03657476565476
125 933 4.11740364526912
125 940 8.03308215372443
126 114 2.43006050230823
126 126 15.7671231229262
126 166 2.05320631933515
126 416 3.00590795897578
126 417 0.929887799673442
126 418 0.933312516874565
126 419 2.40579280679353
126 731 2.04052428437064
126 929 6.4516977562382
126 951 3.40029473981971
127 5 2.19005202291266
127 6 1.62035467247692
127 61 2.47262973737563
127 76 2.64154588092133
127 89 4.57367622596649
127 97 1.97153316979603
127 100 1.99398551908858
127 127 29.262232888926
127 128 2.6189762653511
127 837 3.67187967605836
127 930 9.9879198895814
127 935 2.22397534972944
127 954 7.92682092413098
128 5 3.49365880422944
128 6 0.131252702635932
128 100 0.118930789505186
128 127 2.6189762653511
128 128 18.4497539976787
128 129 1.86341612947481
128 130 4.46615166571331
128 837 2.23126595331686
128 930 7.11127737722341
128 944 5.63970130906796
129 5 1.44963292735932
129 104 1.67303868814271
129 128 1.86341612947481
129 129 11.5660661185384
129 130 1.99892585383899
129 138 1.85270509743103
129 165 1.44345163281581
129 661 1.2848957894757
129 944 5.78303305926919
130 44 8.96135123886846
130 77 2.11182694212088
130 128 4.46615166571331
130 129 1.99892585383899
130 130 35.7442823812651
130 138 4.63474374095188
130 140 2.64434316412662
130 141 4.18418715209817
130 837 1.80481209416846
130 930 12.2001540480176
130 944 10.6099276719932
131 1 1.1306862828017
131 14 1.68157214015869
131 76 1.41204239159536
131 80 2.12630287723031
131 92 1.27364179450372
131 93 2.73259325983695
131 100 1.25435855514744
131 131 11.2730178055773
131 135 0.723093544275762
131 935 4.57523586281604
132 20 2.39431750976632
132 132 10.3549158643925
132 133 1.75173176923212
132 135 0.443793734355166
132 136 2.55722023941607
132 741 1.659498866782
132 745 2.91824375415784
132 746 2.02991544093165
132 747 0.507482408806274
132 753 1.27017007314127
133 20 1.84455669318767
133 80 0.589072637550905
133 132 1.75173176923212
133 133 8.37307055540523
133 134 0.850437433221692
133 135 1.90599041450234
133 136 2.50000339539544
133 498 0.117790659548703
133 687 1.04774741693809
133 746 0.531239458498642
133 799 1.42103595503225
134 32 2.4447671589784
134 62 1.4002722234998
134 73 1.43006114021415
134 80 0.668729944799151
134 133 0.850437433221692
134 134 14.8388922773769
134 135 2.78592959480812
134 171 3.46659712036298
134 180 1.73403198291515
134 181 0.937563496913298
134 182 0.0791664070581424
134 497 0.740678819102268
134 498 2.11226963671064
134 787 1.44283546517278
134 799 2.16499799230885
135 14 0.280684625143206
135 62 2.17373777812672
135 80 1.66170220564726
135 93 1.12390525632057
135 131 0.723093544275762
135 132 0.443793734355166
135 133 1.90599041450234
135 134 2.78592959480812
135 135 13.5430192756069
135 136 1.10468994623848
135 171 2.58224984084693
135 498 0.923162830137656
135 687 2.15033876310017
135 799 2.45525037990802
136 20 3.83226507114848
136 62 0.236201295995972
136 117 1.02991869889785
136 132 2.55722023941607
136 133 2.50000339539544
136 135 1.10468994623848
136 136 17.9794429619956
136 137 3.21746552116243
136 671 2.93259590587401
136 687 2.32928089613539
136 745 4.18144520701951
136 753 1.66040418058008
136 799 1.38767408512974
137 20 2.18380772486466
137 117 1.56273602068226
137 136 3.21746552116243
137 137 11.8107330602194
137 183 1.19846996994385
137 671 3.25556152147115
137 687 1.82989016325796
137 713 0.674170501568573
137 736 1.11457671089374
137 745 2.67942145648442
138 44 6.95792209323478
138 104 4.15822939506983
138 129 1.85270509743103
138 130 4.63474374095188
138 138 20.8507602729497
138 139 2.34003705455119
138 140 0.907122891711013
138 141 2.49638554936717
138 199 0.310678693086182
138 341 2.10302396585879
138 944 5.51529192816271
139 44 1.54412720226834
139 71 0.933273585303748
139 104 2.16777912676718
139 138 2.34003705455119
139 139 14.021939252466
139 140 0.474455362824603
139 141 1.7653354116811
139 172 0.318936859078689
139 199 2.28190674509988
139 200 0.670790864092762
139 325 1.82369480914302
139 341 4.18368288851116
139 873 1.35027655168883
139 947 1.17861241768844
140 70 1.94751364042516
140 77 3.03324672644216
140 130 2.64434316412662
140 138 0.907122891711013
140 139 0.474455362824603
140 140 17.8963381052939
140 141 2.85966209762939
140 672 4.06933807162627
140 930 6.09353252051078
140 954 4.81529268264486
141 44 4.57093948309298
141 70 0.218442775611774
141 130 4.18418715209817
141 138 2.49638554936717
141 139 1.7653354116811
141 140 2.85966209762939
141 141 15.5595555512583
141 341 0.735351759546582
141 672 1.83025521184989
141 873 0.349176194906788
141 930 4.32959769110363
142 28 1.31615984545672
142 142 6.28179458860733
142 203 0.854873009633162
142 418 1.07966321511651
142 419 1.31956185125435
142 858 0.966462433416155
142 860 0.74507423373043
142 951 3.14089729430366
143 0 1.35912711142633
143 59 0.220132108523926
143 143 6.96188704098383
143 338 1.40929948840171
143 439 1.41570237766111
143 486 1.16219737808595
143 516 1.61556068540874
143 945 3.26081141196799
144 144 8.92337198441896
144 166 0.109210215107697
144 185 1.14305377010805
144 232 2.44723213765308
144 275 1.13718763740245
144 679 0.973300812346695
144 919 1.91440705663805
144 933 2.23612119464704
144 956 3.42454515272539
145 145 10.2264338215875
145 268 1.47343584594198
145 271 1.76317239681185
145 272 2.50100427444916
145 279 1.95325290115091
145 414 2.53556840323363
145 939 5.11321691079377
146 146 23.8151230483389
146 208 6.98562426026022
146 215 3.04326183591672
146 218 5.59864120222225
146 223 2.76849395059657
146 265 1.39078985839668
146 276 1.7735297229655
146 277 1.24725607533509
146 278 2.75453183663958
146 538 1.72205003356129
146 797 1.54541859575507
146 955 6.89308720085933
147 147 2.08119893279076
147 423 0.299047986268325
147 426 1.04059946639538
147 429 0.777496967887832
147 432 0.263102498507549
147 433 0.741551480127056
148 148 8.34254942569981
148 351 1.53401020310673
148 354 0.105879248443913
148 544 2.14966057405531
148 688 1.46313312227743
148 689 0.734738957939175
148 691 0.141002624475263
148 843 3.33065650646682
148 846 1.12589650291844
148 949 1.92884639886663
149 149 5.96901509678641
149 189 1.83496198055145
149 610 2.03507082158968
149 611 0.754894605695144
149 615 0.81155249647196
149 616 1.42212723497788
149 617 0.741733662900887
149 619 0.517335858558137
149 624 0.835845984434476
150 150 3.40866502597882
150 317 0.974199018479637
150 366 0.119031211300277
150 368 0.374351882059488
150 369 1.12594375845917
150 373 1.19014254027584
150 376 0.355781612450285
150 881 0.973547515943538
151 151 10.0503462005927
151 314 1.94197231322839
151 500 1.68580629863751
151 602 1.95530772573085
151 621 1.39739448843046
151 622 1.59959355346468
151 703 1.47027182110082
151 932 5.02517310029635
152 152 14.0496381025498
152 213 2.93626773043968
152 215 0.30156052508877
152 217 1.51296703243946
152 265 2.6175680015296
152 266 1.32799829606027
152 460 1.31203838937058
152 461 1.3086355462533
152 462 1.11733114482332
152 939 5.85916852826692
152 955 2.78092195955276
153 153 6.62287156846579
153 235 0.414445833320532
153 236 0.912233731316962
153 237 1.88216041595592
153 240 1.27023866743678
153 243 0.681355010445999
153 245 0.902123679246327
153 456 2.21069750344627
153 682 0.589874855728018
153 892 1.07117765580188
154 154 8.66157076720526
154 384 0.0760932005918447
154 389 1.39431595748314
154 436 0.176879906143321
154 437 2.14304751077838
154 438 2.72931914293453
154 669 0.126292226511679
154 847 0.645562282214027
154 885 1.3342656926224
154 946 1.98773501125046
154 958 2.3788452202781
155 155 15.2525085238821
155 389 2.73913114668933
155 391 1.94835978387923
155 469 1.52033126170379
155 593 0.940270807740044
155 595 1.95353248042867
155 596 2.14748498955256
155 598 0.507910081639038
155 599 0.82211968116792
155 601 1.13449283868094
155 680 2.14766008019285
155 685 2.05507798794352
155 900 0.251004457272603
155 946 4.71138718893268
156 156 5.79475447142487
156 344 1.43335645025934
156 349 0.375739005553071
156 420 1.50966159794043
156 421 0.845415695481134
156 424 0.60552753679015
156 800 0.618605089971964
156 802 0.782188100981856
156 803 2.52163823015936
157 157 3.64309212803646
157 357 0.247888509922347
157 358 0.716338236353634
157 407 1.74299786268797
157 408 0.37825503853031
157 447 0.805500990464545
157 448 0.762522438922663
157 814 0.811135115173219
158 158 14.8637154761879
158 281 1.70574490070033
158 305 1.22055321209185
158 312 1.45499609478215
158 393 0.0529896348654198
158 394 3.49479574476391
158 470 3.13981404449792
158 931 4.45256999043634
158 934 6.77410959214389
159 159 30.1999012895284
159 266 3.01571437134362
159 267 2.08588534288082
159 281 1.86928476752894
159 396 1.59214929835577
159 462 8.43935386830992
159 463 0.56885095665605
159 464 2.97898069818779
159 467 3.76687335799957
159 931 9.18319450739464
159 934 11.7995647656355
160 109 4.25960734527799
160 113 2.27713396121148
160 160 18.2156360076908
160 164 0.0918342322471105
160 204 2.78795909128816
160 440 1.58535582278009
160 889 3.83717993859695
160 915 0.322088142624801
