4000
4000
0 0 1.57409616729829
0 26 0.276528678972007
0 41 0.245980682886094
0 71 0.0302427160844317
0 85 0.383977445362237
0 89 0.182130999353166
0 112 0.129684222852719
0 2562 0.357082402878915
0 3482 0.564820179708551
0 3680 0.190696922849309
1 1 0.0135406111414184
1 16 0.00319719813278553
1 18 0.000967862453519932
1 29 0.00316267062513484
1 42 0.00293863135977575
1 51 0.00119434164587886
1 3507 0.00383167421093347
1 3819 0.00501853828409926
2 2 1.0065410421954
2 6 0.175244369016118
2 8 0.200107409077456
2 17 0.0819281532220991
2 32 0.0605036505782409
2 34 0.189185797395371
2 46 0.145162651719328
2 3479 0.106120902768222
2 3484 0.249757481825766
2 3493 0.227314980701731
2 3609 0.0744861669887618
3 3 0.173013322454066
3 7 0.0189222470846645
3 48 0.0105391207681993
3 75 0.0114001108062223
3 76 0.038016261976076
3 77 0.0256069561669011
3 78 0.0189109820175494
3 90 0.0250258882721977
3 3506 0.0685286256520031
3 3524 0.0425697909372861
4 4 2.00087057153692
4 28 0.199496733171914
4 44 0.25474183126863
4 46 0.253255976641729
4 89 0.312998811214925
4 91 0.290592790549264
4 98 0.175050838783097
4 118 0.138932923471333
4 2238 0.302782971210837
4 3481 0.287218792115926
4 3482 0.456586518577468
4 3508 0.329647670300262
5 5 0.12139884185606
5 19 0.0283259090017348
5 35 0.0133658615993967
5 52 0.0178754357491489
5 53 0.0260969677989187
5 75 0.0144980761771461
5 76 0.0212365915297143
5 3525 0.0606994209280298
6 2 0.175244369016118
6 6 1.27833989533531
6 8 0.212097778445904
6 15 0.339130068220925
6 34 0.20205525282501
6 55 0.34981242682735
6 67 0.189429056932824
6 3484 0.44974089073483
7 3 0.0189222470846645
7 7 0.196324794097946
7 78 0.0182792329310141
7 79 0.0267502886222291
7 80 0.0321347748679027
7 90 0.0475632718808527
7 3506 0.0529809494950613
7 3508 0.0689492807000249
7 3679 0.0289071455651695
8 2 0.200107409077456
8 6 0.212097778445904
8 8 1.30929597440413
8 11 0.178253294213081
8 19 0.126609704773535
8 46 0.1323791929223
8 55 0.235330808314103
8 3479 0.2301170043198
8 3484 0.44941305158965
8 3493 0.0862246585285869
8 3525 0.113411059421783
9 9 3.20243615373134
9 424 0.166827119882958
9 425 0.279200724750921
9 426 0.189486833583935
9 429 0.179996132439666
9 430 0.827631195346275
9 449 0.314390024328807
9 451 0.415854711655546
9 475 0.53801127969383
9 3641 0.671323305981019
9 3773 0.539888837197593
9 3949 0.681044065736457
10 10 1.16174122614186
10 2690 0.170352406599171
10 2691 0.381583607076756
10 2692 0.297771324234465
10 3174 0.239873854621699
10 3177 0.119493039169694
10 3200 0.250438318674543
10 3249 0.052538617296259
10 3548 0.230560671540208
11 8 0.178253294213081
11 11 0.574859597704012
11 19 0.0441808145159304
11 53 0.109176504638925
11 54 0.0410222584091161
11 55 0.19307360078548
11 3484 0.20222672592696
11 3525 0.0943561980665266
12 12 1.48467277448597
12 360 0.531161296534523
12 587 0.368453448874396
12 1004 0.273712226141599
12 1005 0.113583272793775
12 1006 0.51890544618066
12 2602 0.32102275897701
12 2608 0.100170712226989
13 13 0.876241646672896
13 44 0.0910392202493242
13 91 0.244307859361595
13 92 0.294984247365893
13 118 0.244903869311001
13 122 0.193812963974854
13 123 0.102177733776123
13 2238 0.143136575970555
14 14 0.0807624137845161
14 29 0.00735040986559234
14 31 0.00981703414887029
14 33 0.0156381271106802
14 42 0.00764358793555112
14 43 0.00948626372714013
14 3480 0.00869053707367249
14 3493 0.0169252596932032
14 3609 0.0250386145310379
14 3785 0.0130869101638693
14 3819 0.00746687642715722
15 6 0.339130068220925
15 15 1.46434273675128
15 34 0.129228820664727
15 36 0.234684941922774
15 43 0.0294958918529264
15 55 0.547809600873653
15 65 0.0551329468372575
15 66 0.242920224428039
15 67 0.318289523311836
15 3484 0.299822087014775
16 1 0.00319719813278553
16 16 0.0730741255246063
16 23 0.00431373720262166
16 35 0.0191744131548271
16 39 0.0201786206540493
16 42 0.0035006250230594
16 49 0.0126614020724895
16 51 0.00164974139136217
16 3484 0.0269774072192218
16 3507 0.0032493427196013
16 3819 0.0147087007168917
17 2 0.0819281532220991
17 17 1.03517001296167
17 32 0.052727831939961
17 40 0.0939090996442326
17 41 0.194351256014808
17 46 0.247631944182062
17 89 0.239104267874342
17 3481 0.305106943165977
17 3493 0.164978138255565
17 3786 0.173017385143459
18 1 0.000967862453519932
18 18 0.0134837577843619
18 29 0.00302741094907925
18 30 0.00285939827546529
18 51 0.000940881015226377
18 68 0.00205383645848541
18 69 0.00211122460613202
18 3507 0.00302145068241105
18 3784 0.00524357223622346
19 5 0.0283259090017348
19 8 0.126609704773535
19 11 0.0441808145159304
19 19 0.528484892399449
19 28 0.0443474783207324
19 46 0.150441163897866
19 53 0.0276530673438929
19 76 0.109979674082297
19 3479 0.147388244361327
19 3525 0.113801282301858
20 20 1.47595995175554
20 2201 0.491246960233825
20 2202 0.268550754942147
20 2203 0.374663649424787
20 2205 0.363316326452981
20 2210 0.0685448055698314
20 2211 0.167345390692673
20 2514 0.0793876249512708
20 3406 0.400884415365789
21 21 6.68408230625209
21 109 0.497959422472595
21 146 0.374031265068847
21 228 0.803998163833046
21 230 0.849471528866267
21 231 0.333363309632297
21 374 1.32988929487035
21 375 1.08395936128193
21 2227 1.17902768093718
21 2698 0.647322386022946
21 2699 0.292083099018571
21 3154 0.502743058146461
21 3582 1.09770417515533
21 3709 1.03457071407231
22 22 1.97237335563995
22 56 0.332618534158843
22 95 0.259682640309486
22 2204 0.115596672056297
22 2206 0.270943023092593
22 2207 0.481311703559141
22 2208 0.516020982391594
22 2209 0.302174659926677
22 2213 0.526825463474077
22 2990 0.15338635449122
23 16 0.00431373720262166
23 23 0.0323379336225536
23 35 0.00985651876891004
23 51 0.00143565527570917
23 68 0.00114616318311616
23 73 0.00292196315085318
23 74 0.00381973324318801
23 3507 0.00501305904782252
23 3524 0.010709066425539
23 3819 0.00929100413607069
24 24 0.0686777885280953
24 47 0.00865906598438608
24 70 0.0142382473825906
24 72 0.0153066887683811
24 77 0.00537386810704134
24 78 0.0114239313527888
24 3483 0.0102201083239827
24 3679 0.0131735856735494
24 3922 0.0246211871994231
25 25 2.20656728953116
25 2472 0.307361894221328
25 2474 0.28495886303687
25 2475 0.305191509972968
25 2476 0.594116451419915
25 2481 0.0620786953449051
25 3227 0.407626465082098
25 3501 0.428651545226382
25 3574 0.919865509992282
26 0 0.276528678972007
26 26 0.883550884185901
26 41 0.134425314948688
26 50 0.0365407760453628
26 71 0.098535413356068
26 82 0.0528975315785199
26 83 0.0646543458357844
26 85 0.150118783005967
26 3482 0.2708093510989
26 3680 0.240816131437554
27 27 0.428954180171871
27 30 0.0155147241490993
27 31 0.0204172954502569
27 40 0.0436957385961221
27 41 0.09806622078404
27 70 0.040712307785423
27 71 0.078611160974171
27 72 0.0457675213477951
27 3481 0.131394651379717
27 3483 0.0238276580904487
27 3785 0.0103210936372822
27 3786 0.0965954985455009
27 3922 0.0385073995179494
28 4 0.199496733171914
28 19 0.0443474783207324
28 28 0.892588328687547
28 46 0.222556654916683
28 76 0.0768896986218108
28 90 0.101517315595084
28 91 0.163707548699819
28 92 0.100932637256043
28 118 0.155938470298481
28 2567 0.0600299607272711
28 3508 0.213465995423482
29 1 0.00316267062513484
29 14 0.00735040986559234
29 18 0.00302741094907925
29 29 0.0434806988681056
29 30 0.0035517083525522
29 31 0.00573555879573832
29 42 0.00313294429158727
29 3480 0.00872591695763469
29 3507 0.00524348894894769
29 3784 0.00977771243177898
29 3785 0.00796593805356824
29 3819 0.00754728903054461
30 18 0.00285939827546529
30 27 0.0155147241490993
30 29 0.0035517083525522
30 30 0.0687468141913914
30 31 0.00754844780947332
30 69 0.00578302116689903
30 70 0.0086782424735536
30 3483 0.0200306068995779
30 3784 0.0101962312518947
30 3785 0.0172549787015298
30 3786 0.011702862207042
31 14 0.00981703414887029
31 27 0.0204172954502569
31 29 0.00573555879573832
31 30 0.00754844780947332
31 31 0.133980872484921
31 33 0.0164466826119124
31 40 0.0404395610814517
31 3493 0.0390277100991116
31 3784 0.00572057903984948
31 3785 0.0193338167382011
31 3786 0.0364846229525159
32 2 0.0605036505782409
32 17 0.052727831939961
32 32 0.241530129750925
32 33 0.0292251981245223
32 34 0.0456806329901708
32 40 0.0347801781437022
32 43 0.0254812361535193
32 3493 0.113896466696271
33 14 0.0156381271106802
33 31 0.0164466826119124
33 32 0.0292251981245223
33 33 0.122690767751649
33 34 0.00686859817919165
33 40 0.0224171068407863
33 43 0.0285871204609465
33 3493 0.0491798151600438
33 3609 0.0156735031393895
34 2 0.189185797395371
34 6 0.20205525282501
34 15 0.129228820664727
34 32 0.0456806329901708
34 33 0.00686859817919165
34 34 0.691401027135181
34 43 0.0424015643480342
34 67 0.0615810877607516
34 3484 0.19717177919219
34 3493 0.0800790484354572
34 3609 0.0828489589118679
35 5 0.0133658615993967
35 16 0.0191744131548271
35 23 0.00985651876891004
35 35 0.172167246361177
35 39 0.0239144289649507
35 52 0.0275792466634995
35 74 0.00639862972618265
35 75 0.0167803590283822
35 3484 0.0449208248473835
35 3524 0.0249872489333877
35 3525 0.0444247749070172
35 3819 0.0268485629478282
36 15 0.234684941922774
36 36 0.953206795933632
36 39 0.0296003443693856
36 52 0.0319322449991835
36 53 0.0512862512786996
36 54 0.193797217394161
36 55 0.306034454350497
36 65 0.0569417174755711
36 66 0.216013930782182
36 94 0.0489296241433612
36 3484 0.260589467184634
37 37 2.64649100235754
37 45 0.443355932012569
37 55 0.739462024838048
37 56 0.793093567928962
37 66 0.261375930507852
37 67 0.446584712280744
37 94 0.391338621684445
37 2209 0.379153839694348
37 2213 0.310742237942971
37 2990 0.204629636646375
38 38 1.5777727037752
38 160 0.169324482735756
38 175 0.199197107569578
38 2693 0.172618615693928
38 2694 0.246332300457931
38 2695 0.127621319059132
38 2696 0.16116573740756
38 3247 0.294620394062438
38 3584 0.491940550092712
38 3804 0.503838548583767
39 16 0.0201786206540493
39 35 0.0239144289649507
39 36 0.0296003443693856
39 39 0.140130030360158
39 49 0.0165502418457428
39 52 0.0249706693914032
39 65 0.0249157251346265
39 3484 0.070065015180079
40 17 0.0939090996442326
40 27 0.0436957385961221
40 31 0.0404395610814517
40 32 0.0347801781437022
40 33 0.0224171068407863
40 40 0.350516442600839
40 41 0.0771645077312614
40 3493 0.0840625576450043
40 3786 0.129305914218698
41 0 0.245980682886094
41 17 0.194351256014808
41 26 0.134425314948688
41 27 0.09806622078404
41 40 0.0771645077312614
41 41 1.43730142961073
41 71 0.145156365746632
41 89 0.291679984114864
41 3481 0.353623890327196
41 3482 0.263697167560099
41 3680 0.216721100701509
41 3786 0.135085653600906
42 1 0.00293863135977575
42 14 0.00764358793555112
42 16 0.0035006250230594
42 29 0.00313294429158727
42 42 0.0427007554577021
42 43 0.0102039375997926
42 49 0.0107681584335242
42 3609 0.0147168084142044
42 3819 0.0111464401290584
43 14 0.00948626372714013
43 15 0.0294958918529264
43 32 0.0254812361535193
43 33 0.0285871204609465
43 34 0.0424015643480342
43 42 0.0102039375997926
43 43 0.225256335934093
43 49 0.0299385651343216
43 65 0.0290318145686521
43 3484 0.0592220447524614
43 3493 0.0310366168990122
43 3609 0.0429994484043335
44 4 0.25474183126863
44 13 0.0910392202493242
44 44 1.3034398355955
44 59 0.133356847465163
44 80 0.0407429873306502
44 84 0.226223665977843
44 91 0.213908760999603
44 92 0.0306541419706158
44 2238 0.350227101222233
44 3482 0.414494528176583
44 3508 0.199770668732607
45 37 0.443355932012569
45 45 1.00649969077705
45 54 0.0598939133759579
45 55 0.334780919935672
45 56 0.295918336940656
45 94 0.207331508447871
45 2209 0.168468925452855
46 2 0.145162651719328
46 4 0.253255976641729
46 8 0.1323791929223
46 17 0.247631944182062
46 19 0.150441163897866
46 28 0.222556654916683
46 46 2.18258854997084
46 76 0.194932690887869
46 89 0.253507495986932
46 90 0.180258820653211
46 3479 0.296269515910177
46 3481 0.382767913036961
46 3493 0.142633196182775
46 3506 0.241841906282459
46 3508 0.2731639358185
46 3786 0.157079765917402
47 24 0.00865906598438608
47 47 0.0404001803138209
47 68 0.00146393142668792
47 69 0.0056012068425192
47 70 0.00801189332139524
47 73 0.00379803802580134
47 77 0.00641918355422759
47 3483 0.0163171979689521
47 3784 0.00421582018042118
47 3922 0.00611393316634066
48 3 0.0105391207681993
48 48 0.0335944423956958
48 73 0.00356391428267915
48 74 0.0043688185915284
48 75 0.00665538214636098
48 77 0.00846720660692793
48 78 0.00255223078114586
48 3524 0.014244990416702
49 16 0.0126614020724895
49 39 0.0165502418457428
49 42 0.0107681584335242
49 43 0.0299385651343216
49 49 0.116315175475475
49 65 0.0233783230401957
49 3484 0.0473894293042133
49 3609 0.0221178626250523
49 3819 0.0116687807576731
50 26 0.0365407760453628
50 50 0.1724068276981
50 71 0.0363722459456534
50 72 0.0281108815868576
50 79 0.0188246397222637
50 81 0.0175964797558777
50 82 0.0196349843656772
50 3679 0.0221049755129786
50 3680 0.0794252586124788
51 1 0.00119434164587886
51 16 0.00164974139136217
51 18 0.000940881015226377
51 23 0.00143565527570917
51 51 0.00632088224805114
51 68 0.00110026291987456
51 3507 0.00316044112402557
52 5 0.0178754357491489
52 35 0.0275792466634995
52 36 0.0319322449991835
52 39 0.0249706693914032
52 52 0.167377441054914
52 53 0.0426981231452703
52 3484 0.0658132847783082
52 3525 0.0401971568555577
53 5 0.0260969677989187
53 11 0.109176504638925
53 19 0.0276530673438929
53 36 0.0512862512786996
53 52 0.0426981231452703
53 53 0.486509601897192
53 54 0.11696271238276
53 55 0.125713399877428
53 3484 0.163922226587424
53 3525 0.0662551497924683
54 11 0.0410222584091161
54 36 0.193797217394161
54 45 0.0598939133759579
54 53 0.11696271238276
54 54 0.858800323058425
54 55 0.347705180387648
54 66 0.193465848107693
54 94 0.200335212893856
54 3484 0.135018141636446
55 6 0.34981242682735
55 8 0.235330808314103
55 11 0.19307360078548
55 15 0.547809600873653
55 36 0.306034454350497
55 37 0.739462024838048
55 45 0.334780919935672
55 53 0.125713399877428
55 54 0.347705180387648
55 55 3.82364731781265
55 56 0.390021041065231
55 66 0.629237863069717
55 67 0.598720834886932
55 94 0.362033260957947
55 3484 0.575735560549264
56 22 0.332618534158843
56 37 0.793093567928962
56 45 0.295918336940656
56 55 0.390021041065231
56 56 2.25142420417561
56 67 0.307771400715379
56 2208 0.083323303555676
56 2209 0.377675069884978
56 2213 0.438699060876093
56 2990 0.358015991137596
57 57 4.48274147751018
57 95 0.44266593159716
57 96 1.11351271093642
57 103 0.921249399377707
57 175 0.0837365380564702
57 2200 0.743747579643255
57 2203 0.709032893634972
57 2206 0.572663099494934
57 2207 0.846268229561708
57 2208 0.339380335476588
57 2693 0.285677279353171
57 2789 0.211269547346247
57 3027 0.454908671786645
58 58 5.11874331476612
58 293 0.236487574093831
58 381 0.480058970326351
58 382 0.534490827722978
58 383 0.754288934340202
58 1161 1.0155163480699
58 3404 0.210552652861048
58 3446 0.369561389611038
58 3497 0.969272943675777
58 3504 0.250950168194045
58 3570 0.792506055312258
58 3605 0.76794327066247
58 3986 1.29648583727928
59 44 0.133356847465163
59 59 0.488306617656635
59 80 0.0366445412439036
59 81 0.0471893262865763
59 82 0.0410060953838786
59 83 0.0636071350765779
59 84 0.11337452314807
59 3482 0.207508767584414
59 3508 0.0897726902963693
60 60 1.82051426918142
60 87 0.374716169423337
60 97 0.0547992679472209
60 110 0.385016745985699
60 111 0.627627112706546
60 113 0.480741697220153
60 1095 0.116597844176223
60 3064 0.525240388605012
60 3209 0.166032177707942
61 61 1.12144374508518
61 83 0.0479631553705418
61 84 0.11387739259182
61 85 0.322353870566866
61 87 0.362573934267703
61 97 0.388552784880067
61 112 0.353066082676174
61 3209 0.0937783972745941
62 62 2.84085809175684
62 137 0.291778973631975
62 148 0.219751133631276
62 165 0.265318286633813
62 172 0.322080374893012
62 173 0.192166659182972
62 401 0.3268063467896
62 2633 0.287038268806974
62 3164 0.511266785371065
62 3663 0.756034859874025
62 3800 0.682344234700416
62 3980 0.406701214120132
63 63 4.31871450897419
63 103 0.365710688980811
63 104 0.206707165216242
63 231 0.288306484573628
63 237 0.25541808435639
63 381 0.785126525060561
63 2200 0.271682112852836
63 2240 0.596516078156462
63 2694 0.507633461786815
63 2699 0.339497070430492
63 3504 1.03135961819582
63 3551 0.921290471075028
63 3580 0.908824002776194
64 64 2.6086159147358
64 256 0.418784795990428
64 1153 0.151563576386293
64 1154 0.321718236130836
64 1155 0.17484447035271
64 1157 0.270354984315035
64 1162 0.293449940931601
64 1163 0.175093246570633
64 3850 0.748446452191291
64 3872 0.698940143862489
64 3906 0.659728025372385
65 15 0.0551329468372575
65 36 0.0569417174755711
65 39 0.0249157251346265
65 43 0.0290318145686521
65 49 0.0233783230401957
65 65 0.189400527056303
65 66 0.0195945158305058
65 3484 0.0751057476976456
66 15 0.242920224428039
66 36 0.216013930782182
66 37 0.261375930507852
66 54 0.193465848107693
66 55 0.629237863069717
66 65 0.0195945158305058
66 66 1.39552400608717
66 67 0.267673777944377
66 94 0.263003918460386
67 6 0.189429056932824
67 15 0.318289523311836
67 34 0.0615810877607516
67 37 0.446584712280744
67 55 0.598720834886932
67 56 0.307771400715379
67 66 0.267673777944377
67 67 1.52974847118516
67 2990 0.104572312944897
68 18 0.00205383645848541
68 23 0.00114616318311616
68 47 0.00146393142668792
68 51 0.00110026291987456
68 68 0.0108348519961405
68 69 0.00168423468429895
68 73 0.00197056607215344
68 3507 0.00309246463707772
68 3784 0.00374081861251654
69 18 0.00211122460613202
69 30 0.00578302116689903
69 47 0.0056012068425192
69 68 0.00168423468429895
69 69 0.0244905158874456
69 70 0.00646243549535794
69 3483 0.00931082858759643
69 3784 0.00578282244836488
70 24 0.0142382473825906
70 27 0.040712307785423
70 30 0.0086782424735536
70 47 0.00801189332139524
70 69 0.00646243549535794
70 70 0.145497838968335
70 71 0.00523794838236498
70 72 0.0342228300399153
70 3481 0.0336550904655649
70 3483 0.0282845484767634
70 3922 0.0387432146295738
71 0 0.0302427160844317
71 26 0.098535413356068
71 27 0.078611160974171
71 41 0.145156365746632
71 50 0.0363722459456534
71 70 0.00523794838236498
71 71 0.467071876876584
71 72 0.0619685092808372
71 3481 0.119801394165028
71 3680 0.124682061379689
72 24 0.0153066887683811
72 27 0.0457675213477951
72 50 0.0281108815868576
72 70 0.0342228300399153
72 71 0.0619685092808372
72 72 0.295644475526644
72 78 0.0132018709139613
72 79 0.0149492312081571
72 3481 0.0909956430541326
72 3679 0.0568688468249347
72 3680 0.051134586284269
72 3922 0.0309401039807257
73 23 0.00292196315085318
73 47 0.00379803802580134
73 48 0.00356391428267915
73 68 0.00197056607215344
73 73 0.0361454361885961
73 74 0.00297402143910322
73 77 0.00689995604718017
73 3483 0.00849986356824756
73 3507 0.00406882457213354
73 3524 0.0129448406730368
73 3784 0.00657616645170573
74 23 0.00381973324318801
74 35 0.00639862972618265
74 48 0.0043688185915284
74 73 0.00297402143910322
74 74 0.0241336746245106
74 75 0.0065724716245083
74 3524 0.0120668373122553
75 3 0.0114001108062223
75 5 0.0144980761771461
75 35 0.0167803590283822
75 48 0.00665538214636098
75 74 0.0065724716245083
75 75 0.0937842568823256
75 76 0.0234563872664195
75 3524 0.0323940522640167
75 3525 0.0289195460104321
76 3 0.038016261976076
76 5 0.0212365915297143
76 19 0.109979674082297
76 28 0.0768896986218108
76 46 0.194932690887869
76 75 0.0234563872664195
76 76 0.605762852805366
76 90 0.0871176207719828
76 3479 0.118588407917588
76 3506 0.125515154831426
76 3524 0.0585200841019975
76 3525 0.0543917072208687
77 3 0.0256069561669011
77 24 0.00537386810704134
77 47 0.00641918355422759
77 48 0.00846720660692793
77 73 0.00689995604718017
77 77 0.111583416446566
77 78 0.0178143702793527
77 3483 0.0189847575284574
77 3506 0.0347981799960497
77 3524 0.0273998060150611
77 3922 0.0156108403686495
78 3 0.0189109820175494
78 7 0.0182792329310141
78 24 0.0114239313527888
78 48 0.00255223078114586
78 72 0.0132018709139613
78 77 0.0178143702793527
78 78 0.115056064706995
78 79 0.0126556887165761
78 3506 0.0308961815029869
78 3679 0.0317252984074145
78 3922 0.0151243101577034
79 7 0.0267502886222291
79 50 0.0188246397222637
79 72 0.0149492312081571
79 78 0.0126556887165761
79 79 0.148127552274213
79 80 0.0248092384827999
79 81 0.0284089798457683
79 3508 0.0369977954222631
79 3679 0.0411633296295657
79 3680 0.0176321367616961
80 7 0.0321347748679027
80 44 0.0407429873306502
80 59 0.0366445412439036
80 79 0.0248092384827999
80 80 0.23431239384612
80 81 0.0244335351689184
80 90 0.0382760584872712
80 91 0.0372712582646739
80 3508 0.11715619692306
81 50 0.0175964797558777
81 59 0.0471893262865763
81 79 0.0284089798457683
81 80 0.0244335351689184
81 81 0.280904787145697
81 82 0.0495745925203353
81 3482 0.0733774111783424
81 3508 0.0772009407517691
81 3679 0.0250449674697102
81 3680 0.0785309477412482
82 26 0.0528975315785199
82 50 0.0196349843656772
82 59 0.0410060953838786
82 81 0.0495745925203353
82 82 0.247545483799317
82 83 0.0418984293658007
82 3482 0.104137757533981
82 3680 0.062168834950782
83 26 0.0646543458357844
83 59 0.0636071350765779
83 61 0.0479631553705418
83 82 0.0418984293658007
83 83 0.512119202482123
83 84 0.170104637604474
83 85 0.171854654599486
83 3482 0.20809644587052
84 44 0.226223665977843
84 59 0.11337452314807
84 61 0.11387739259182
84 83 0.170104637604474
84 84 2.16509783197469
84 85 0.519747247673903
84 97 0.305819908568353
84 98 0.294271485059823
84 2238 0.288429988866755
84 2562 0.487032046422542
84 3482 0.728765852048449
85 0 0.383977445362237
85 26 0.150118783005967
85 61 0.322353870566866
85 83 0.171854654599486
85 84 0.519747247673903
85 85 2.90891841266247
85 87 0.12420593229198
85 88 0.298201501049262
85 97 0.471186795727714
85 112 0.539384013266396
85 2562 0.838837437052028
85 3482 0.543509938397864
86 86 1.61644281846021
86 2784 0.077515619426447
86 2785 0.361480752428783
86 2839 0.446740656801324
86 2847 0.128126482493108
86 2854 0.271902063357233
86 3015 0.458803726446428
86 3050 0.17600659282333
86 3063 0.504088333913669
87 60 0.374716169423337
87 61 0.362573934267703
87 85 0.12420593229198
87 87 2.98970491368277
87 88 0.534870606059977
87 97 0.58917780767975
87 110 0.592262060961095
87 111 0.670235807108933
87 112 0.503535114910391
87 3064 0.305276883695304
87 3065 0.0999241076698923
87 3209 0.32777894645579
88 85 0.298201501049262
88 87 0.534870606059977
88 88 1.77079138710096
88 97 0.440658092083641
88 98 0.0523235864412416
88 110 0.300131028142695
88 111 0.306828439776424
88 112 0.435962890355914
88 2562 0.287210936742288
89 0 0.182130999353166
89 4 0.312998811214925
89 17 0.239104267874342
89 41 0.291679984114864
89 46 0.253507495986932
89 89 1.75461592999192
89 98 0.157649579273386
89 2562 0.145935464686114
89 3481 0.537527386369405
89 3482 0.511389906114739
90 3 0.0250258882721977
90 7 0.0475632718808527
90 28 0.101517315595084
90 46 0.180258820653211
90 76 0.0871176207719828
90 80 0.0382760584872712
90 90 0.566682702071574
90 91 0.0414272536474601
90 3506 0.143547976953432
90 3508 0.18528984684587
91 4 0.290592790549264
91 13 0.244307859361595
91 28 0.163707548699819
91 44 0.213908760999603
91 80 0.0372712582646739
91 90 0.0414272536474601
91 91 1.26931387759235
91 92 0.142073959919811
91 118 0.333104239112376
91 2238 0.278215728614408
91 3508 0.159361417219518
92 13 0.294984247365893
92 28 0.100932637256043
92 44 0.0306541419706158
92 91 0.142073959919811
92 92 1.35746773601292
92 118 0.349520575902123
92 122 0.476629947359375
92 123 0.212579180671923
92 124 0.196381416357596
92 2567 0.232445497215992
93 93 1.48100208898922
93 175 0.193437637594019
93 292 0.213101776479878
93 293 0.304377217550782
93 2615 0.333961630420715
93 2616 0.202389580783162
93 3028 0.505835177979708
93 3404 0.0322762857317421
93 3584 0.43612382694383
94 36 0.0489296241433612
94 37 0.391338621684445
94 45 0.207331508447871
94 54 0.200335212893856
94 55 0.362033260957947
94 66 0.263003918460386
94 94 1.37832372267118
94 95 0.0974880267572894
94 2209 0.278198976234282
94 2213 0.218826434427334
95 22 0.259682640309486
95 57 0.44266593159716
95 94 0.0974880267572894
95 95 1.87383318028668
95 103 0.253793635024472
95 2207 0.52154045024843
95 2208 0.480361135592662
95 2209 0.234568018236695
95 2213 0.330314192870632
95 2789 0.190335739793197
96 57 1.11351271093642
96 96 3.70258914227005
96 103 0.390318664135853
96 2200 0.63643614988467
96 2201 0.255492186416832
96 2202 0.263928399817697
96 2203 1.01693961859093
96 2204 0.256064716198892
96 2206 0.754313172766089
96 2207 0.493872504322817
96 2514 0.373005590334884
97 60 0.0547992679472209
97 61 0.388552784880067
97 84 0.305819908568353
97 85 0.471186795727714
97 87 0.58917780767975
97 88 0.440658092083641
97 97 2.49336691135696
97 98 0.131519584323793
97 110 0.315778008438787
97 112 0.382005366344872
97 2562 0.389207446398947
97 3209 0.27134530464229
98 4 0.175050838783097
98 84 0.294271485059823
98 88 0.0523235864412416
98 89 0.157649579273386
98 97 0.131519584323793
98 98 1.17682833743683
98 2238 0.217443846705172
98 2562 0.280089001174113
98 3482 0.456894584394623
99 99 2.26365840813434
99 291 0.201786457694589
99 1161 0.346391502169843
99 2200 0.397904532173122
99 2201 0.285159236968404
99 2205 0.166019135861883
99 2240 0.199008669434721
99 3406 0.531346198081383
99 3928 0.62298837041339
99 3986 0.644883509404178
100 100 2.25902300012191
100 443 0.304839375529443
100 444 0.512632673005189
100 446 0.401124563317817
100 3257 0.295923455843825
100 3442 0.0645785238304699
100 3443 0.277393031561214
100 3542 0.809913783931147
100 3890 0.320000299139469
100 3949 0.402128794024298
101 101 3.18712137296499
101 232 0.211368459295111
101 237 0.210817785101123
101 239 0.452194621902156
101 246 0.210391382834634
101 386 0.691521754583149
101 1158 0.205359630387316
101 1159 0.676014445388717
101 3010 0.290878681218258
101 3665 0.422435282003646
101 3710 0.783830886792532
101 3783 0.62586912994084
102 102 1.94646215876146
102 384 0.197847627043453
102 385 0.322099611064313
102 388 0.178485272994088
102 421 0.250775451203469
102 422 0.158812164680567
102 423 0.2782534687504
102 3711 0.524991003399431
102 3837 0.541157795429783
102 3844 0.467270843576693
103 57 0.921249399377707
103 63 0.365710688980811
103 95 0.253793635024472
103 96 0.390318664135853
103 103 3.7271306410717
103 2200 0.627384125955996
103 2207 0.374728709995521
103 2693 0.574286265049417
103 2694 0.360751837367573
103 2789 0.155457159226491
103 3027 0.624699555335569
103 3504 0.942315921158144
104 63 0.206707165216242
104 104 2.43355108883029
104 377 0.34614055974204
104 378 0.610496641593298
104 391 0.312744935700282
104 2694 0.17960416851586
104 2695 0.389597241914448
104 2697 0.471039270224724
104 2698 0.417846933330229
104 2699 0.158259668035487
104 3580 0.557890048972821
105 105 2.70020283514366
105 378 0.235010397327579
105 379 0.244130830016015
105 381 0.372238348966941
105 389 0.400383756890777
105 390 0.262238894928065
105 2614 0.368978590287024
105 3504 0.583719102370352
105 3580 0.84075166065143
105 3584 0.742852671277312
106 106 5.0229415076286
106 374 0.663686064843525
106 375 0.243510720993822
106 377 0.484029064916731
106 378 0.582355185346379
106 379 0.398712037644614
106 723 0.278329377947083
106 2698 1.31123130055637
106 2699 0.805527599231403
106 3551 0.826387055073407
106 3580 0.984111185158171
106 3582 0.956532669731406
107 107 1.66190505504748
107 373 0.229550902016799
107 377 0.240523736514837
107 391 0.291606450643809
107 392 0.162727472618485
107 395 0.148629929457106
107 400 0.235307242599958
107 412 0.173105545419161
107 3615 0.594083057711321
107 3980 0.417323245589741
108 108 4.02377032745071
108 148 0.238355892392826
108 159 0.631714463455068
108 172 0.336366703917666
108 391 0.87613289506808
108 392 0.741006434712485
108 2695 0.167671101284539
108 2696 0.181707908601089
108 2697 0.562138252312419
108 3615 0.597221844909871
108 3804 0.827498660132504
108 3980 0.875841334389512
109 21 0.497959422472595
109 109 3.85970972514427
109 373 0.345926368314521
109 374 1.46796565048438
109 377 0.429044322612874
109 2697 0.145851682315917
109 2698 0.579530041025336
109 3152 0.428508286927359
109 3154 0.452582075440172
109 3278 0.225040819117019
109 3615 0.646504360486619
109 3827 0.570651558519624
110 60 0.385016745985699
110 87 0.592262060961095
110 88 0.300131028142695
110 97 0.315778008438787
110 110 1.61583082709774
110 111 0.440687568699628
110 113 0.160854084640553
110 3209 0.22901674377815
111 60 0.627627112706546
111 87 0.670235807108933
111 88 0.306828439776424
111 110 0.440687568699628
111 111 2.48453579082338
111 112 0.14490851270482
111 113 0.572032088302759
111 2441 0.0617335066444466
111 3064 0.594938307362797
111 3065 0.307812342928721
112 0 0.129684222852719
112 61 0.353066082676174
112 85 0.539384013266396
112 87 0.503535114910391
112 88 0.435962890355914
112 97 0.382005366344872
112 111 0.14490851270482
112 112 1.83742639176961
112 2562 0.267593384543134
113 60 0.480741697220153
113 110 0.160854084640553
113 111 0.572032088302759
113 113 2.13529081620112
113 1095 0.432628634480514
113 1096 0.0899120412897339
113 1097 0.210028815929927
113 2441 0.350836940976293
113 3064 0.635029000885635
113 3065 0.270872920576119
114 114 1.60119838374646
114 1095 0.49214559342952
114 1097 0.54229611318414
114 1098 0.238770606229512
114 1107 0.423977631450172
114 2441 0.37662156042306
114 3064 0.258303078689093
114 3065 0.0696829922142
115 115 2.41547487574059
115 230 0.472532842390301
115 375 0.228268133438478
115 387 0.175225399140174
115 626 0.270043544999438
115 722 0.203160179001513
115 2227 0.488505558003892
115 3172 0.15047725737451
115 3326 0.161724542282601
115 3745 0.67605752341803
115 3823 0.797217333561947
116 116 1.33062124085619
116 1136 0.307202679570219
116 1137 0.21853808824654
116 1142 0.166884306038772
116 2996 0.258149340871035
116 3408 0.184270203758843
116 3758 0.362460928409552
116 3941 0.498426314389322
117 117 2.32652224752255
117 344 0.418037930654821
117 345 0.263011297526421
117 346 0.338818744664923
117 348 0.137376993056303
117 2435 0.193350486867026
117 3281 0.162232292656339
117 3298 0.222972479329764
117 3671 0.68706538604005
117 3675 0.515045054248753
117 3911 0.55187270623943
118 4 0.138932923471333
118 13 0.244903869311001
118 28 0.155938470298481
118 91 0.333104239112376
118 92 0.349520575902123
118 118 1.14240999413061
118 122 0.178070797225656
118 2238 0.166678588120742
118 2567 0.146465527754197
119 119 2.29518751275977
119 125 0.544841248632412
119 140 0.382029398507057
119 174 0.0917591911428569
119 407 0.268705694217576
119 411 0.3496269700204
119 2111 0.331482229567286
119 2112 0.307951395096751
119 2114 0.202414462098684
119 3555 0.963970679856629
120 120 1.17734374587695
120 122 0.29320154173392
120 123 0.105438715323531
120 124 0.305569031986943
120 125 0.295470331204554
120 174 0.382599663799575
120 2111 0.283102840951531
120 2112 0.100633493815369
121 121 2.82987496429713
121 140 0.523923717214461
121 141 0.71329180246885
121 159 0.657213305912515
121 160 0.420975724491962
121 163 0.342687043486753
121 393 0.891013764934105
121 394 0.564642486854138
121 410 0.131064601082913
122 13 0.193812963974854
122 92 0.476629947359375
122 118 0.178070797225656
122 120 0.29320154173392
122 122 1.53966297818659
122 123 0.318017895995454
122 124 0.399701512039082
122 174 0.18776282641039
122 2111 0.0898814460524347
122 2567 0.172415536488721
123 13 0.102177733776123
123 92 0.212579180671923
123 120 0.105438715323531
123 122 0.318017895995454
123 123 0.636035791990908
123 124 0.215840162219331
124 92 0.196381416357596
124 120 0.305569031986943
124 122 0.399701512039082
124 123 0.215840162219331
124 124 1.00390089668908
124 125 0.102248936305458
124 174 0.200130316663412
124 2567 0.0859799694617957
125 119 0.544841248632412
125 120 0.295470331204554
125 124 0.102248936305458
125 125 2.70793636202827
125 137 0.0477095099111797
125 140 0.500946046029727
125 148 0.0972355425099298
125 174 0.286596028532042
125 2111 0.376844471422352
125 2112 0.566426106452365
125 3164 0.513656601177167
125 3555 0.729929720865215
126 126 5.06715154076637
126 137 0.457834767336057
126 396 0.499110683766375
126 397 0.293999862469233
126 399 0.336929641960066
126 401 0.515012440252841
126 402 0.523369664570932
126 404 0.503346310379636
126 3164 1.21195367032499
126 3555 1.22989151295731
126 3663 0.908846526298707
126 3908 1.12043223083342
127 127 4.11351981067827
127 150 0.993907168908652
127 408 0.336718068217616
127 583 0.239959459474135
127 837 0.97001755814954
127 838 0.628625260007552
127 1001 0.56860047583933
127 1008 0.189594025819863
127 1009 0.569825615538083
127 1010 0.167912981889221
127 2116 0.637594717268418
127 3733 0.867524384904999
128 128 2.11735712956261
128 405 0.37712127877491
128 416 0.27211034857913
128 417 0.231464469704629
128 420 0.303895615681625
128 478 0.171233753736582
128 3324 0.351399340995327
128 3620 0.298301092838895
128 3803 0.385423245628277
128 3874 0.785086548404537
129 129 0.616060853936384
129 3024 0.18139160760408
129 3269 0.0902105370400877
129 3355 0.253127294021596
129 3357 0.217819889928104
129 3358 0.0549031329465958
129 3362 0.126638819364112
130 130 8.54256199959613
130 197 0.526300794728828
130 204 1.69432816791589
130 367 1.36037176098115
130 484 1.37579077567539
130 549 0.441317051679037
130 574 0.846536153175535
130 575 0.587240409960251
130 576 0.525503043421916
130 588 0.681460165000739
130 589 0.661816929659692
130 595 0.882043989357271
130 598 0.551584377125172
130 622 0.854213437777952
130 623 1.211536716101
130 3950 0.613799226834365
131 131 1.01879636003524
131 1111 0.0955909358575225
131 1166 0.413807244160099
131 3000 0.238218524710795
131 3074 0.194749083419682
131 3107 0.195907305107166
131 3254 0.235329874153686
131 3256 0.154591572643912
132 132 1.75851497139252
132 1042 0.29145078712145
132 2177 0.218674013608178
132 2905 0.235371979081941
132 2906 0.318675783279168
132 3139 0.279900130218357
132 3239 0.322115413663687
132 3490 0.280085538411129
132 3956 0.691498811704868
133 133 1.25819087546289
133 1179 0.0792795809858176
133 1181 0.177469323429852
133 2303 0.152872254028462
133 2564 0.188612470698196
133 3210 0.293191348489058
133 3211 0.128122218405163
133 3319 0.244224314910613
133 3320 0.32011050881632
133 3349 0.303404293430851
134 134 2.75272149771651
134 567 0.302621052029695
134 1016 0.241289393113659
134 1033 0.353013386975208
134 2102 0.355103972846498
134 2535 0.454615150680311
134 2621 0.492584264646087
134 2760 0.183017377413147
134 3509 0.890722319415413
134 3546 0.856115329454748
135 135 3.59286999338833
135 836 0.536691112603475
135 1001 0.182817175774418
135 2112 0.458691241309743
135 2113 0.19730557186593
135 2114 0.396974521651755
135 2115 0.184120887140196
135 2116 0.524950669946309
135 2822 0.226157960599342
135 3555 0.619047998080946
135 3653 0.795939438166533
135 3832 0.687665606063433
135 3866 0.578942806880407
136 136 3.69246694489964
136 580 0.546021551057075
136 581 0.295411377815982
136 582 0.451243307876251
136 614 0.203335984029314
136 615 0.385779608092959
136 616 0.243200315980484
136 3215 0.674360401487354
136 3614 0.519519363868687
136 3713 0.848968613516491
136 3718 0.89921837235105
136 3775 0.471641521273804
137 62 0.291778973631975
137 125 0.0477095099111797
137 126 0.457834767336057
137 137 3.22353987984621
137 165 0.44334697072326
137 2112 0.36671634983103
137 2113 0.16691888593808
137 2117 0.209665741829462
137 3164 0.722380012821252
137 3555 0.643242046827072
137 3663 0.577553080926558
137 3908 0.908163479993397
138 138 6.14660036738602
138 168 0.908326520786802
138 404 0.332902579039663
138 582 1.27326505198215
138 835 0.374380784561109
138 2113 1.139084337381
138 3190 0.260222069964309
138 3217 0.245874462014982
138 3323 0.311071889025116
138 3614 0.775223353586679
138 3653 0.948261744714059
138 3704 0.870686011586437
138 3718 0.557439431989317
138 3866 0.555924067492248
138 3908 0.667238246955156
139 139 3.15805040479901
139 165 0.171453995059766
139 178 0.241763419439465
139 212 0.716484570086098
139 213 0.271701758508999
139 2118 0.309269951723349
139 2634 0.277892069159335
139 3206 0.710532030314089
139 3620 0.762644711782351
139 3630 0.644926495557389
139 3779 0.630406605567678
140 119 0.382029398507057
140 121 0.523923717214461
140 125 0.500946046029727
140 140 8.07448741197353
140 141 1.22714769992534
140 148 0.815590218278267
140 159 0.487590843343613
140 394 0.589527794595287
140 396 1.54760668762063
140 397 1.01722051785035
140 410 0.453226936788398
140 411 0.911572334397502
140 1168 1.09653144188873
140 3164 0.957619152915619
140 3555 1.6011983286053
141 121 0.71329180246885
141 140 1.22714769992534
141 141 4.40698594974528
141 148 0.82517584095283
141 159 1.16638756303223
141 392 0.312550483107346
141 393 0.478129286364876
141 394 0.451088754231959
141 395 0.498215988582426
141 396 0.586016657608448
141 1168 0.352474848343613
142 142 0.743493682988319
142 397 0.221047124860009
142 406 0.192539256911669
142 410 0.0813709281903331
142 411 0.371746841494159
142 630 0.0693287884438175
142 1168 0.17920758458249
143 143 2.17404301056401
143 346 0.38553980590631
143 347 0.247311944653452
143 372 0.344476074702608
143 373 0.249319562654434
143 413 0.299916596999746
143 414 0.156940611486562
143 3719 0.632049978827026
143 3827 0.544541087889133
143 3997 0.400968852726745
144 144 1.85486072575656
144 3151 0.155635752539564
144 3152 0.26602462938387
144 3153 0.314230290125931
144 3154 0.168417917447943
144 3402 0.302142185905771
144 3675 0.497464243605818
144 3709 0.53480685069063
144 3997 0.543569218935314
145 145 3.17482177726818
145 266 0.624678609982476
145 268 0.186336156967329
145 2820 0.650741101762167
145 2821 0.261780565492721
145 3448 0.228056743825055
145 3469 0.131943700284206
145 3519 0.766288897468786
145 3632 0.759662799770783
145 3638 0.712688575060153
145 3967 0.440055515288589
146 21 0.374031265068847
146 146 2.73450070369356
146 228 0.262570137933389
146 261 0.275284627252738
146 344 0.229125612747203
146 372 0.180218250906016
146 374 0.242857519916924
146 375 0.406500401923004
146 2227 0.589068137881345
146 2995 0.212506801674883
146 3684 0.631458990682764
146 3709 0.69812930955323
147 147 4.18295550610757
147 212 0.62232685357
147 347 0.245004678912079
147 348 0.214825341229597
147 405 0.316375375793695
147 416 0.293261239706188
147 2912 0.479712386015082
147 3093 0.791243443943092
147 3189 0.327867569947192
147 3206 0.583374833652772
147 3548 0.588601779737666
147 3581 0.996710984329821
147 3607 0.815128772324168
148 62 0.219751133631276
148 108 0.238355892392826
148 125 0.0972355425099298
148 140 0.815590218278267
148 141 0.82517584095283
148 148 4.54618799282295
148 159 0.699911483840063
148 172 0.227972413956035
148 395 0.574117064683994
148 396 1.05400494153029
148 401 0.42527968742511
148 3164 0.678995888465028
148 3980 0.962891881568767
149 149 1.33081040896208
149 273 0.201936738032914
149 274 0.232705714373021
149 1120 0.208928043183382
149 1121 0.245169022244064
149 1122 0.223771446924635
149 2306 0.21829944420406
149 3919 0.665405204481038
150 127 0.993907168908652
150 150 4.18170506458611
150 835 0.154733640448484
150 836 0.473513722611937
150 837 0.669345694105778
150 838 0.414103739651057
150 839 0.456967368630698
150 1001 0.808042078304452
150 2116 0.950936135088733
150 2119 0.148719173226697
150 3733 0.600815341189076
150 3866 0.601473534713605
151 151 2.34536525295389
151 358 0.326253611609022
151 359 0.319591368056813
151 838 0.175892507776028
151 839 0.386210042628199
151 1004 0.301168613494184
151 1013 0.213512232418979
151 1014 0.132579817442071
151 3733 0.486457945104955
151 3792 0.398486333339415
151 3973 0.777895407561174
152 152 4.46947817493608
152 359 0.394499577669584
152 360 0.835208450694235
152 366 0.532186925856126
152 367 0.214611202802967
152 562 0.549819190890891
152 2606 1.0202800711014
152 3428 0.259871835172218
152 3526 1.37405541207729
152 3851 0.800604955206534
152 3950 0.723079640932874
153 153 2.07906420618064
153 577 0.493145919549731
153 585 0.724244624075068
153 586 0.399723480090531
153 2606 0.106742557867441
153 3071 0.272034169294246
153 3072 0.0615182341588192
153 3075 0.258193548112211
